ThetaIncident,SineRatio,Power1,Power2,volume,total,total_a,entropy
0,0,0,0,267,209,209,2739,0
9.0,0.1,0.5,0.5,320,163,128,3305,2
9.0,0.1,0.5,1.0,325,149,125,3367,2
9.0,0.1,0.5,2.0,306,154,137,3162,1
9.0,0.1,1.0,0.5,366,147,125,3808,4
9.0,0.1,1.0,1.0,396,131,120,4125,9
9.0,0.1,1.0,2.0,363,134,128,3767,5
9.0,0.1,2.0,0.5,384,145,137,4021,6
9.0,0.1,2.0,1.0,423,129,128,4429,11
9.0,0.1,2.0,2.0,443,120,122,4627,16
9.0,0.2,0.5,0.5,324,164,128,3349,2
9.0,0.2,0.5,1.0,340,148,125,3522,2
9.0,0.2,0.5,2.0,333,151,137,3437,2
9.0,0.2,1.0,0.5,367,147,125,3826,4
9.0,0.2,1.0,1.0,406,131,120,4226,7
9.0,0.2,1.0,2.0,383,132,128,3978,6
9.0,0.2,2.0,0.5,384,145,137,4022,6
9.0,0.2,2.0,1.0,426,130,128,4459,11
9.0,0.2,2.0,2.0,455,121,122,4761,13
9.0,0.30000000000000004,0.5,0.5,327,165,128,3382,2
9.0,0.30000000000000004,0.5,1.0,356,151,125,3687,3
9.0,0.30000000000000004,0.5,2.0,360,153,137,3722,5
9.0,0.30000000000000004,1.0,0.5,368,148,125,3834,4
9.0,0.30000000000000004,1.0,1.0,415,133,120,4327,11
9.0,0.30000000000000004,1.0,2.0,409,136,128,4255,7
9.0,0.30000000000000004,2.0,0.5,384,145,137,4019,6
9.0,0.30000000000000004,2.0,1.0,427,130,128,4475,11
9.0,0.30000000000000004,2.0,2.0,469,123,122,4906,20
9.0,0.4,0.5,0.5,326,165,128,3373,2
9.0,0.4,0.5,1.0,358,150,125,3711,5
9.0,0.4,0.5,2.0,367,151,137,3802,3
9.0,0.4,1.0,0.5,366,148,125,3810,4
9.0,0.4,1.0,1.0,413,133,120,4307,10
9.0,0.4,1.0,2.0,412,135,128,4291,13
9.0,0.4,2.0,0.5,382,145,137,4002,6
9.0,0.4,2.0,1.0,424,130,128,4437,11
9.0,0.4,2.0,2.0,467,123,122,4880,19
9.0,0.5,0.5,0.5,326,165,128,3372,3
9.0,0.5,0.5,1.0,363,152,125,3764,5
9.0,0.5,0.5,2.0,374,151,137,3885,5
9.0,0.5,1.0,0.5,363,148,125,3786,5
9.0,0.5,1.0,1.0,415,135,120,4328,15
9.0,0.5,1.0,2.0,422,137,128,4394,14
9.0,0.5,2.0,0.5,380,145,137,3980,6
9.0,0.5,2.0,1.0,420,131,128,4403,11
9.0,0.5,2.0,2.0,470,125,122,4924,14
9.0,0.6,0.5,0.5,321,164,128,3318,2
9.0,0.6,0.5,1.0,354,149,125,3673,4
9.0,0.6,0.5,2.0,370,148,137,3848,4
9.0,0.6,1.0,0.5,357,148,125,3721,5
9.0,0.6,1.0,1.0,400,133,120,4170,10
9.0,0.6,1.0,2.0,405,132,128,4227,10
9.0,0.6,2.0,0.5,377,145,137,3945,6
9.0,0.6,2.0,1.0,410,130,128,4295,11
9.0,0.6,2.0,2.0,449,123,122,4696,18
9.0,0.7000000000000001,0.5,0.5,315,164,128,3263,1
9.0,0.7000000000000001,0.5,1.0,347,148,125,3610,4
9.0,0.7000000000000001,0.5,2.0,368,146,137,3830,4
9.0,0.7000000000000001,1.0,0.5,350,147,125,3643,5
9.0,0.7000000000000001,1.0,1.0,387,132,120,4039,7
9.0,0.7000000000000001,1.0,2.0,395,131,128,4127,9
9.0,0.7000000000000001,2.0,0.5,372,144,137,3895,6
9.0,0.7000000000000001,2.0,1.0,398,130,128,4171,12
9.0,0.7000000000000001,2.0,2.0,432,122,122,4520,13
9.0,0.8,0.5,0.5,306,162,128,3167,1
9.0,0.8,0.5,1.0,336,146,125,3491,3
9.0,0.8,0.5,2.0,361,145,137,3770,6
9.0,0.8,1.0,0.5,337,146,125,3512,3
9.0,0.8,1.0,1.0,366,131,120,3821,7
9.0,0.8,1.0,2.0,377,129,128,3943,6
9.0,0.8,2.0,0.5,364,143,137,3810,6
9.0,0.8,2.0,1.0,379,129,128,3968,6
9.0,0.8,2.0,2.0,404,121,122,4233,13
9.0,0.9,0.5,0.5,294,162,128,3048,1
9.0,0.9,0.5,1.0,321,146,125,3342,3
9.0,0.9,0.5,2.0,353,144,137,3686,5
9.0,0.9,1.0,0.5,322,146,125,3351,3
9.0,0.9,1.0,1.0,341,132,120,3564,4
9.0,0.9,1.0,2.0,355,130,128,3717,6
9.0,0.9,2.0,0.5,354,143,137,3703,6
9.0,0.9,2.0,1.0,356,130,128,3727,6
9.0,0.9,2.0,2.0,372,124,122,3902,8
9.0,1.0,0.5,0.5,322,174,135,3344,2
9.0,1.0,0.5,1.0,348,162,138,3636,4
9.0,1.0,0.5,2.0,370,154,147,3879,7
9.0,1.0,1.0,0.5,348,162,138,3636,4
9.0,1.0,1.0,1.0,363,157,143,3792,6
9.0,1.0,1.0,2.0,375,152,149,3930,7
9.0,1.0,2.0,0.5,370,154,147,3879,7
9.0,1.0,2.0,1.0,375,152,149,3930,7
9.0,1.0,2.0,2.0,380,151,152,3985,8
18.0,0.1,0.5,0.5,339,161,128,3543,4
18.0,0.1,0.5,1.0,357,149,125,3725,4
18.0,0.1,0.5,2.0,347,154,137,3596,3
18.0,0.1,1.0,0.5,389,143,125,4117,10
18.0,0.1,1.0,1.0,431,126,120,4567,18
18.0,0.1,1.0,2.0,407,132,128,4284,9
18.0,0.1,2.0,0.5,400,141,137,4271,10
18.0,0.1,2.0,1.0,449,124,128,4800,16
18.0,0.1,2.0,2.0,486,113,122,5178,20
18.0,0.2,0.5,0.5,342,161,128,3575,4
18.0,0.2,0.5,1.0,368,146,125,3854,5
18.0,0.2,0.5,2.0,368,148,137,3833,4
18.0,0.2,1.0,0.5,390,143,125,4131,10
18.0,0.2,1.0,1.0,439,125,120,4651,13
18.0,0.2,1.0,2.0,425,127,128,4476,11
18.0,0.2,2.0,0.5,401,141,137,4272,14
18.0,0.2,2.0,1.0,451,124,128,4824,16
18.0,0.2,2.0,2.0,496,112,122,5295,20
18.0,0.30000000000000004,0.5,0.5,344,161,128,3594,4
18.0,0.30000000000000004,0.5,1.0,376,147,125,3945,5
18.0,0.30000000000000004,0.5,2.0,382,147,137,3993,5
18.0,0.30000000000000004,1.0,0.5,391,143,125,4137,10
18.0,0.30000000000000004,1.0,1.0,444,126,120,4708,13
18.0,0.30000000000000004,1.0,2.0,439,128,128,4634,13
18.0,0.30000000000000004,2.0,0.5,400,141,137,4272,14
18.0,0.30000000000000004,2.0,1.0,452,124,128,4834,16
18.0,0.30000000000000004,2.0,2.0,504,113,122,5379,20
18.0,0.4,0.5,0.5,344,161,128,3596,4
18.0,0.4,0.5,1.0,378,146,125,3968,8
18.0,0.4,0.5,2.0,386,146,137,4046,8
18.0,0.4,1.0,0.5,390,143,125,4130,9
18.0,0.4,1.0,1.0,443,126,120,4709,16
18.0,0.4,1.0,2.0,441,127,128,4667,19
18.0,0.4,2.0,0.5,400,141,137,4266,14
18.0,0.4,2.0,1.0,451,124,128,4822,16
18.0,0.4,2.0,2.0,503,113,122,5379,28
18.0,0.5,0.5,0.5,345,161,128,3609,4
18.0,0.5,0.5,1.0,382,147,125,4019,7
18.0,0.5,0.5,2.0,391,145,137,4114,8
18.0,0.5,1.0,0.5,390,143,125,4130,10
18.0,0.5,1.0,1.0,447,127,120,4748,18
18.0,0.5,1.0,2.0,448,128,128,4754,17
18.0,0.5,2.0,0.5,399,141,137,4261,11
18.0,0.5,2.0,1.0,451,124,128,4823,17
18.0,0.5,2.0,2.0,508,114,122,5438,23
18.0,0.6,0.5,0.5,344,160,128,3594,4
18.0,0.6,0.5,1.0,379,145,125,3989,9
18.0,0.6,0.5,2.0,389,143,137,4106,11
18.0,0.6,1.0,0.5,388,143,125,4104,9
18.0,0.6,1.0,1.0,440,126,120,4676,13
18.0,0.6,1.0,2.0,441,126,128,4677,12
18.0,0.6,2.0,0.5,398,141,137,4245,11
18.0,0.6,2.0,1.0,446,124,128,4771,17
18.0,0.6,2.0,2.0,498,113,122,5322,33
18.0,0.7000000000000001,0.5,0.5,342,160,128,3579,5
18.0,0.7000000000000001,0.5,1.0,378,144,125,3976,7
18.0,0.7000000000000001,0.5,2.0,389,142,137,4115,8
18.0,0.7000000000000001,1.0,0.5,384,143,125,4064,9
18.0,0.7000000000000001,1.0,1.0,434,126,120,4608,13
18.0,0.7000000000000001,1.0,2.0,436,126,128,4631,15
18.0,0.7000000000000001,2.0,0.5,396,141,137,4218,11
18.0,0.7000000000000001,2.0,1.0,440,125,128,4700,17
18.0,0.7000000000000001,2.0,2.0,488,114,122,5219,23
18.0,0.8,0.5,0.5,337,159,128,3522,5
18.0,0.8,0.5,1.0,371,143,125,3910,9
18.0,0.8,0.5,2.0,386,142,137,4094,11
18.0,0.8,1.0,0.5,376,142,125,3971,9
18.0,0.8,1.0,1.0,418,126,120,4445,16
18.0,0.8,1.0,2.0,423,126,128,4503,20
18.0,0.8,2.0,0.5,390,140,137,4159,11
18.0,0.8,2.0,1.0,426,125,128,4545,17
18.0,0.8,2.0,2.0,467,115,122,4988,26
18.0,0.9,0.5,0.5,325,157,128,3392,3
18.0,0.9,0.5,1.0,355,141,125,3741,6
18.0,0.9,0.5,2.0,376,140,137,3997,11
18.0,0.9,1.0,0.5,357,141,125,3776,9
18.0,0.9,1.0,1.0,387,126,120,4111,13
18.0,0.9,1.0,2.0,395,125,128,4213,11
18.0,0.9,2.0,0.5,379,139,137,4034,11
18.0,0.9,2.0,1.0,397,124,128,4236,11
18.0,0.9,2.0,2.0,424,116,122,4536,20
18.0,1.0,0.5,0.5,339,168,135,3567,6
18.0,1.0,0.5,1.0,363,157,138,3845,8
18.0,1.0,0.5,2.0,381,150,147,4061,12
18.0,1.0,1.0,0.5,363,157,138,3845,8
18.0,1.0,1.0,1.0,374,152,143,3985,11
18.0,1.0,1.0,2.0,384,148,149,4106,13
18.0,1.0,2.0,0.5,381,150,147,4061,12
18.0,1.0,2.0,1.0,384,148,149,4106,13
18.0,1.0,2.0,2.0,388,147,152,4153,14
27.0,0.1,0.5,0.5,351,158,128,3707,6
27.0,0.1,0.5,1.0,366,148,125,3866,8
27.0,0.1,0.5,2.0,362,153,137,3777,3
27.0,0.1,1.0,0.5,403,139,125,4340,16
27.0,0.1,1.0,1.0,439,125,120,4725,17
27.0,0.1,1.0,2.0,419,131,128,4453,9
27.0,0.1,2.0,0.5,409,138,137,4446,22
27.0,0.1,2.0,1.0,454,123,128,4941,31
27.0,0.1,2.0,2.0,489,113,122,5308,26
27.0,0.2,0.5,0.5,353,157,128,3731,6
27.0,0.2,0.5,1.0,375,146,125,3960,7
27.0,0.2,0.5,2.0,377,146,137,3955,6
27.0,0.2,1.0,0.5,404,139,125,4351,16
27.0,0.2,1.0,1.0,444,124,120,4786,16
27.0,0.2,1.0,2.0,431,127,128,4596,16
27.0,0.2,2.0,0.5,409,138,137,4448,22
27.0,0.2,2.0,1.0,455,123,128,4958,31
27.0,0.2,2.0,2.0,496,112,122,5392,26
27.0,0.30000000000000004,0.5,0.5,355,157,128,3753,6
27.0,0.30000000000000004,0.5,1.0,381,146,125,4037,7
27.0,0.30000000000000004,0.5,2.0,387,145,137,4078,6
27.0,0.30000000000000004,1.0,0.5,405,139,125,4364,16
27.0,0.30000000000000004,1.0,1.0,449,124,120,4843,17
27.0,0.30000000000000004,1.0,2.0,441,127,128,4724,14
27.0,0.30000000000000004,2.0,0.5,410,138,137,4452,22
27.0,0.30000000000000004,2.0,1.0,457,123,128,4978,31
27.0,0.30000000000000004,2.0,2.0,503,112,122,5472,27
27.0,0.4,0.5,0.5,356,157,128,3770,6
27.0,0.4,0.5,1.0,384,145,125,4078,9
27.0,0.4,0.5,2.0,391,144,137,4137,9
27.0,0.4,1.0,0.5,406,138,125,4369,17
27.0,0.4,1.0,1.0,450,124,120,4865,18
27.0,0.4,1.0,2.0,445,126,128,4770,19
27.0,0.4,2.0,0.5,410,138,137,4452,22
27.0,0.4,2.0,1.0,457,122,128,4982,31
27.0,0.4,2.0,2.0,505,111,122,5495,28
27.0,0.5,0.5,0.5,359,156,128,3805,7
27.0,0.5,0.5,1.0,390,144,125,4149,12
27.0,0.5,0.5,2.0,396,143,137,4211,12
27.0,0.5,1.0,0.5,407,138,125,4384,17
27.0,0.5,1.0,1.0,455,124,120,4921,21
27.0,0.5,1.0,2.0,452,126,128,4859,15
27.0,0.5,2.0,0.5,410,138,137,4454,22
27.0,0.5,2.0,1.0,458,122,128,4998,32
27.0,0.5,2.0,2.0,510,112,122,5563,33
27.0,0.6,0.5,0.5,361,154,128,3820,7
27.0,0.6,0.5,1.0,391,142,125,4165,13
27.0,0.6,0.5,2.0,397,142,137,4234,14
27.0,0.6,1.0,0.5,407,137,125,4383,17
27.0,0.6,1.0,1.0,454,122,120,4907,20
27.0,0.6,1.0,2.0,449,124,128,4843,21
27.0,0.6,2.0,0.5,410,138,137,4450,22
27.0,0.6,2.0,1.0,457,122,128,4985,32
27.0,0.6,2.0,2.0,507,110,122,5524,32
27.0,0.7000000000000001,0.5,0.5,363,153,128,3847,7
27.0,0.7000000000000001,0.5,1.0,394,140,125,4211,12
27.0,0.7000000000000001,0.5,2.0,400,140,137,4281,13
27.0,0.7000000000000001,1.0,0.5,406,136,125,4377,17
27.0,0.7000000000000001,1.0,1.0,453,121,120,4903,20
27.0,0.7000000000000001,1.0,2.0,449,123,128,4856,24
27.0,0.7000000000000001,2.0,0.5,409,137,137,4440,23
27.0,0.7000000000000001,2.0,1.0,455,121,128,4958,33
27.0,0.7000000000000001,2.0,2.0,503,110,122,5493,31
27.0,0.8,0.5,0.5,363,151,128,3848,8
27.0,0.8,0.5,1.0,394,138,125,4219,11
27.0,0.8,0.5,2.0,399,139,137,4296,13
27.0,0.8,1.0,0.5,403,136,125,4339,18
27.0,0.8,1.0,1.0,447,121,120,4841,22
27.0,0.8,1.0,2.0,444,122,128,4810,21
27.0,0.8,2.0,0.5,406,137,137,4412,23
27.0,0.8,2.0,1.0,449,121,128,4884,33
27.0,0.8,2.0,2.0,494,110,122,5384,34
27.0,0.9,0.5,0.5,357,149,128,3790,9
27.0,0.9,0.5,1.0,387,136,125,4152,14
27.0,0.9,0.5,2.0,396,137,137,4272,17
27.0,0.9,1.0,0.5,391,135,125,4209,18
27.0,0.9,1.0,1.0,427,121,120,4618,26
27.0,0.9,1.0,2.0,427,122,128,4630,26
27.0,0.9,2.0,0.5,399,137,137,4326,22
27.0,0.9,2.0,1.0,429,122,128,4664,21
27.0,0.9,2.0,2.0,465,113,122,5058,24
27.0,1.0,0.5,0.5,362,158,135,3869,12
27.0,1.0,0.5,1.0,379,151,138,4086,19
27.0,1.0,0.5,2.0,390,147,147,4229,17
27.0,1.0,1.0,0.5,379,151,138,4086,19
27.0,1.0,1.0,1.0,386,148,143,4181,15
27.0,1.0,1.0,2.0,392,146,149,4256,17
27.0,1.0,2.0,0.5,390,147,147,4229,17
27.0,1.0,2.0,1.0,392,146,149,4256,17
27.0,1.0,2.0,2.0,394,145,152,4283,18
36.0,0.1,0.5,0.5,361,155,128,3867,10
36.0,0.1,0.5,1.0,370,149,125,3934,7
36.0,0.1,0.5,2.0,369,153,137,3866,4
36.0,0.1,1.0,0.5,415,135,125,4553,20
36.0,0.1,1.0,1.0,438,127,120,4786,23
36.0,0.1,1.0,2.0,418,133,128,4491,13
36.0,0.1,2.0,0.5,416,136,137,4595,24
36.0,0.1,2.0,1.0,451,124,128,4996,31
36.0,0.1,2.0,2.0,479,116,122,5274,33
36.0,0.2,0.5,0.5,363,154,128,3892,9
36.0,0.2,0.5,1.0,376,147,125,4013,11
36.0,0.2,0.5,2.0,380,147,137,4007,8
36.0,0.2,1.0,0.5,416,135,125,4569,29
36.0,0.2,1.0,1.0,442,125,120,4844,22
36.0,0.2,1.0,2.0,428,129,128,4609,13
36.0,0.2,2.0,0.5,416,136,137,4600,24
36.0,0.2,2.0,1.0,453,124,128,5020,31
36.0,0.2,2.0,2.0,485,114,122,5352,31
36.0,0.30000000000000004,0.5,0.5,365,153,128,3923,10
36.0,0.30000000000000004,0.5,1.0,382,146,125,4094,10
36.0,0.30000000000000004,0.5,2.0,388,145,137,4122,7
36.0,0.30000000000000004,1.0,0.5,418,135,125,4587,27
36.0,0.30000000000000004,1.0,1.0,447,125,120,4905,27
36.0,0.30000000000000004,1.0,2.0,437,128,128,4727,18
36.0,0.30000000000000004,2.0,0.5,417,136,137,4606,24
36.0,0.30000000000000004,2.0,1.0,455,123,128,5045,31
36.0,0.30000000000000004,2.0,2.0,492,114,122,5432,40
36.0,0.4,0.5,0.5,369,152,128,3959,11
36.0,0.4,0.5,1.0,387,145,125,4157,12
36.0,0.4,0.5,2.0,393,144,137,4190,10
36.0,0.4,1.0,0.5,419,134,125,4604,30
36.0,0.4,1.0,1.0,451,124,120,4947,32
36.0,0.4,1.0,2.0,441,127,128,4787,22
36.0,0.4,2.0,0.5,417,135,137,4610,24
36.0,0.4,2.0,1.0,456,123,128,5060,31
36.0,0.4,2.0,2.0,494,113,122,5471,29
36.0,0.5,0.5,0.5,374,151,128,4021,12
36.0,0.5,0.5,1.0,396,143,125,4260,15
36.0,0.5,0.5,2.0,399,143,137,4279,14
36.0,0.5,1.0,0.5,422,133,125,4637,30
36.0,0.5,1.0,1.0,458,123,120,5031,25
36.0,0.5,1.0,2.0,449,126,128,4892,23
36.0,0.5,2.0,0.5,418,135,137,4620,24
36.0,0.5,2.0,1.0,459,122,128,5097,32
36.0,0.5,2.0,2.0,502,112,122,5564,36
36.0,0.6,0.5,0.5,378,148,128,4071,11
36.0,0.6,0.5,1.0,401,140,125,4329,19
36.0,0.6,0.5,2.0,402,141,137,4338,13
36.0,0.6,1.0,0.5,424,132,125,4658,31
36.0,0.6,1.0,1.0,460,121,120,5067,29
36.0,0.6,1.0,2.0,451,124,128,4928,22
36.0,0.6,2.0,0.5,418,135,137,4626,25
36.0,0.6,2.0,1.0,461,121,128,5110,32
36.0,0.6,2.0,2.0,503,111,122,5579,42
36.0,0.7000000000000001,0.5,0.5,384,145,128,4138,16
36.0,0.7000000000000001,0.5,1.0,408,136,125,4425,16
36.0,0.7000000000000001,0.5,2.0,406,138,137,4407,17
36.0,0.7000000000000001,1.0,0.5,426,131,125,4685,31
36.0,0.7000000000000001,1.0,1.0,465,119,120,5125,30
36.0,0.7000000000000001,1.0,2.0,455,122,128,4988,28
36.0,0.7000000000000001,2.0,0.5,419,134,137,4631,25
36.0,0.7000000000000001,2.0,1.0,462,120,128,5130,33
36.0,0.7000000000000001,2.0,2.0,506,109,122,5619,42
36.0,0.8,0.5,0.5,388,142,128,4189,18
36.0,0.8,0.5,1.0,414,133,125,4501,23
36.0,0.8,0.5,2.0,409,136,137,4466,25
36.0,0.8,1.0,0.5,426,129,125,4683,32
36.0,0.8,1.0,1.0,465,117,120,5132,31
36.0,0.8,1.0,2.0,455,120,128,5006,25
36.0,0.8,2.0,0.5,418,133,137,4620,25
36.0,0.8,2.0,1.0,460,119,128,5102,33
36.0,0.8,2.0,2.0,504,108,122,5588,43
36.0,0.9,0.5,0.5,388,139,128,4201,15
36.0,0.9,0.5,1.0,414,130,125,4529,26
36.0,0.9,0.5,2.0,410,134,137,4495,29
36.0,0.9,1.0,0.5,421,128,125,4620,28
36.0,0.9,1.0,1.0,456,116,120,5032,35
36.0,0.9,1.0,2.0,447,119,128,4932,28
36.0,0.9,2.0,0.5,414,133,137,4571,25
36.0,0.9,2.0,1.0,450,118,128,4978,34
36.0,0.9,2.0,2.0,488,109,122,5409,47
36.0,1.0,0.5,0.5,387,147,135,4228,23
36.0,1.0,0.5,1.0,395,144,138,4351,23
36.0,1.0,0.5,2.0,397,143,147,4384,27
36.0,1.0,1.0,0.5,395,144,138,4351,23
36.0,1.0,1.0,1.0,397,143,143,4378,26
36.0,1.0,1.0,2.0,397,143,149,4385,28
36.0,1.0,2.0,0.5,397,143,147,4384,27
36.0,1.0,2.0,1.0,397,143,149,4385,28
36.0,1.0,2.0,2.0,397,143,152,4383,29
45.0,0.1,0.5,0.5,369,151,128,4019,17
45.0,0.1,0.5,1.0,369,150,125,3960,11
45.0,0.1,0.5,2.0,369,152,137,3883,6
45.0,0.1,1.0,0.5,426,132,125,4759,35
45.0,0.1,1.0,1.0,434,128,120,4810,33
45.0,0.1,1.0,2.0,411,135,128,4458,19
45.0,0.1,2.0,0.5,421,134,137,4732,40
45.0,0.1,2.0,1.0,447,125,128,5028,34
45.0,0.1,2.0,2.0,464,119,122,5184,38
45.0,0.2,0.5,0.5,371,151,128,4046,17
45.0,0.2,0.5,1.0,375,148,125,4045,11
45.0,0.2,0.5,2.0,380,147,137,4032,7
45.0,0.2,1.0,0.5,427,132,125,4775,35
45.0,0.2,1.0,1.0,438,127,120,4869,32
45.0,0.2,1.0,2.0,421,132,128,4582,19
45.0,0.2,2.0,0.5,422,134,137,4737,40
45.0,0.2,2.0,1.0,448,125,128,5051,34
45.0,0.2,2.0,2.0,470,118,122,5263,43
45.0,0.30000000000000004,0.5,0.5,375,150,128,4090,17
45.0,0.30000000000000004,0.5,1.0,382,147,125,4133,16
45.0,0.30000000000000004,0.5,2.0,387,146,137,4139,10
45.0,0.30000000000000004,1.0,0.5,429,131,125,4799,35
45.0,0.30000000000000004,1.0,1.0,443,126,120,4936,32
45.0,0.30000000000000004,1.0,2.0,429,131,128,4691,25
45.0,0.30000000000000004,2.0,0.5,422,134,137,4745,40
45.0,0.30000000000000004,2.0,1.0,451,124,128,5080,34
45.0,0.30000000000000004,2.0,2.0,476,117,122,5340,43
45.0,0.4,0.5,0.5,380,148,128,4146,18
45.0,0.4,0.5,1.0,389,144,125,4223,18
45.0,0.4,0.5,2.0,393,144,137,4223,12
45.0,0.4,1.0,0.5,432,131,125,4828,36
45.0,0.4,1.0,1.0,449,125,120,5001,33
45.0,0.4,1.0,2.0,435,129,128,4771,21
45.0,0.4,2.0,0.5,423,134,137,4754,40
45.0,0.4,2.0,1.0,453,124,128,5109,34
45.0,0.4,2.0,2.0,481,116,122,5401,44
45.0,0.5,0.5,0.5,386,146,128,4222,18
45.0,0.5,0.5,1.0,399,142,125,4342,16
45.0,0.5,0.5,2.0,399,142,137,4323,14
45.0,0.5,1.0,0.5,435,130,125,4866,36
45.0,0.5,1.0,1.0,456,123,120,5091,38
45.0,0.5,1.0,2.0,442,128,128,4878,26
45.0,0.5,2.0,0.5,424,133,137,4765,40
45.0,0.5,2.0,1.0,457,123,128,5147,34
45.0,0.5,2.0,2.0,488,115,122,5490,51
45.0,0.6,0.5,0.5,394,143,128,4309,19
45.0,0.6,0.5,1.0,408,138,125,4462,19
45.0,0.6,0.5,2.0,404,140,137,4407,18
45.0,0.6,1.0,0.5,438,128,125,4909,36
45.0,0.6,1.0,1.0,463,121,120,5172,42
45.0,0.6,1.0,2.0,447,125,128,4953,31
45.0,0.6,2.0,0.5,425,133,137,4779,40
45.0,0.6,2.0,1.0,460,121,128,5186,35
45.0,0.6,2.0,2.0,493,113,122,5551,36
45.0,0.7000000000000001,0.5,0.5,402,139,128,4418,22
45.0,0.7000000000000001,0.5,1.0,420,133,125,4617,28
45.0,0.7000000000000001,0.5,2.0,412,137,137,4518,18
45.0,0.7000000000000001,1.0,0.5,443,126,125,4960,37
45.0,0.7000000000000001,1.0,1.0,471,118,120,5280,39
45.0,0.7000000000000001,1.0,2.0,455,122,128,5061,29
45.0,0.7000000000000001,2.0,0.5,427,132,137,4794,40
45.0,0.7000000000000001,2.0,1.0,464,120,128,5233,35
45.0,0.7000000000000001,2.0,2.0,500,110,122,5639,51
45.0,0.8,0.5,0.5,411,135,128,4529,24
45.0,0.8,0.5,1.0,431,129,125,4771,29
45.0,0.8,0.5,2.0,417,134,137,4615,28
45.0,0.8,1.0,0.5,447,124,125,5008,38
45.0,0.8,1.0,1.0,479,115,120,5380,38
45.0,0.8,1.0,2.0,461,119,128,5153,42
45.0,0.8,2.0,0.5,428,131,137,4805,40
45.0,0.8,2.0,1.0,468,118,128,5271,45
45.0,0.8,2.0,2.0,507,108,122,5713,49
45.0,0.9,0.5,0.5,418,132,128,4625,25
45.0,0.9,0.5,1.0,441,125,125,4910,34
45.0,0.9,0.5,2.0,423,132,137,4711,34
45.0,0.9,1.0,0.5,448,123,125,5027,39
45.0,0.9,1.0,1.0,484,112,120,5433,41
45.0,0.9,1.0,2.0,466,117,128,5213,49
45.0,0.9,2.0,0.5,428,130,137,4801,40
45.0,0.9,2.0,1.0,468,116,128,5267,45
45.0,0.9,2.0,2.0,509,107,122,5725,52
45.0,1.0,0.5,0.5,411,138,135,4591,29
45.0,1.0,0.5,1.0,412,138,138,4613,38
45.0,1.0,0.5,2.0,405,141,147,4529,29
45.0,1.0,1.0,0.5,412,138,138,4613,38
45.0,1.0,1.0,1.0,408,140,143,4568,28
45.0,1.0,1.0,2.0,403,142,149,4502,29
45.0,1.0,2.0,0.5,405,141,147,4529,29
45.0,1.0,2.0,1.0,403,142,149,4502,29
45.0,1.0,2.0,2.0,400,143,152,4469,29
54.0,0.1,0.5,0.5,376,149,128,4150,22
54.0,0.1,0.5,1.0,368,151,125,3992,16
54.0,0.1,0.5,2.0,369,152,137,3908,8
54.0,0.1,1.0,0.5,434,130,125,4930,51
54.0,0.1,1.0,1.0,430,130,120,4840,44
54.0,0.1,1.0,2.0,407,137,128,4445,25
54.0,0.1,2.0,0.5,425,134,137,4841,37
54.0,0.1,2.0,1.0,443,127,128,5059,48
54.0,0.1,2.0,2.0,453,123,122,5124,38
54.0,0.2,0.5,0.5,378,149,128,4182,22
54.0,0.2,0.5,1.0,375,149,125,4078,19
54.0,0.2,0.5,2.0,379,148,137,4048,8
54.0,0.2,1.0,0.5,435,130,125,4949,51
54.0,0.2,1.0,1.0,435,129,120,4903,33
54.0,0.2,1.0,2.0,415,134,128,4566,21
54.0,0.2,2.0,0.5,426,133,137,4848,37
54.0,0.2,2.0,1.0,445,127,128,5085,48
54.0,0.2,2.0,2.0,459,121,122,5204,43
54.0,0.30000000000000004,0.5,0.5,382,147,128,4230,27
54.0,0.30000000000000004,0.5,1.0,382,147,125,4170,17
54.0,0.30000000000000004,0.5,2.0,387,146,137,4157,11
54.0,0.30000000000000004,1.0,0.5,437,129,125,4970,51
54.0,0.30000000000000004,1.0,1.0,439,128,120,4961,45
54.0,0.30000000000000004,1.0,2.0,422,133,128,4665,26
54.0,0.30000000000000004,2.0,0.5,426,133,137,4853,37
54.0,0.30000000000000004,2.0,1.0,446,126,128,5103,48
54.0,0.30000000000000004,2.0,2.0,463,121,122,5261,39
54.0,0.4,0.5,0.5,388,145,128,4299,22
54.0,0.4,0.5,1.0,390,144,125,4278,21
54.0,0.4,0.5,2.0,393,144,137,4252,15
54.0,0.4,1.0,0.5,439,128,125,5002,52
54.0,0.4,1.0,1.0,445,126,120,5030,35
54.0,0.4,1.0,2.0,428,131,128,4748,23
54.0,0.4,2.0,0.5,427,133,137,4861,37
54.0,0.4,2.0,1.0,449,125,128,5129,48
54.0,0.4,2.0,2.0,467,120,122,5318,45
54.0,0.5,0.5,0.5,397,142,128,4409,25
54.0,0.5,0.5,1.0,403,140,125,4439,22
54.0,0.5,0.5,2.0,401,142,137,4378,18
54.0,0.5,1.0,0.5,444,127,125,5057,52
54.0,0.5,1.0,1.0,455,124,120,5151,34
54.0,0.5,1.0,2.0,438,129,128,4879,35
54.0,0.5,2.0,0.5,428,132,137,4878,37
54.0,0.5,2.0,1.0,453,124,128,5184,48
54.0,0.5,2.0,2.0,476,118,122,5428,44
54.0,0.6,0.5,0.5,406,139,128,4514,29
54.0,0.6,0.5,1.0,414,136,125,4583,30
54.0,0.6,0.5,2.0,406,139,137,4472,24
54.0,0.6,1.0,0.5,448,126,125,5103,53
54.0,0.6,1.0,1.0,461,121,120,5239,49
54.0,0.6,1.0,2.0,443,127,128,4959,28
54.0,0.6,2.0,0.5,429,132,137,4890,37
54.0,0.6,2.0,1.0,456,123,128,5219,48
54.0,0.6,2.0,2.0,481,116,122,5486,41
54.0,0.7000000000000001,0.5,0.5,416,135,128,4652,30
54.0,0.7000000000000001,0.5,1.0,428,131,125,4773,33
54.0,0.7000000000000001,0.5,2.0,414,136,137,4596,30
54.0,0.7000000000000001,1.0,0.5,454,124,125,5173,53
54.0,0.7000000000000001,1.0,1.0,473,118,120,5380,50
54.0,0.7000000000000001,1.0,2.0,452,124,128,5090,33
54.0,0.7000000000000001,2.0,0.5,431,131,137,4911,37
54.0,0.7000000000000001,2.0,1.0,462,121,128,5285,48
54.0,0.7000000000000001,2.0,2.0,491,113,122,5604,41
54.0,0.8,0.5,0.5,429,131,128,4813,40
54.0,0.8,0.5,1.0,444,126,125,4996,31
54.0,0.8,0.5,2.0,424,133,137,4740,29
54.0,0.8,1.0,0.5,461,122,125,5263,54
54.0,0.8,1.0,1.0,488,114,120,5562,57
54.0,0.8,1.0,2.0,465,120,128,5257,43
54.0,0.8,2.0,0.5,434,130,137,4943,36
54.0,0.8,2.0,1.0,471,119,128,5382,47
54.0,0.8,2.0,2.0,506,110,122,5775,45
54.0,0.9,0.5,0.5,441,127,128,4977,43
54.0,0.9,0.5,1.0,461,122,125,5219,52
54.0,0.9,0.5,2.0,432,131,137,4872,33
54.0,0.9,1.0,0.5,469,120,125,5354,56
54.0,0.9,1.0,1.0,503,111,120,5748,60
54.0,0.9,1.0,2.0,478,117,128,5418,46
54.0,0.9,2.0,0.5,438,129,137,4975,36
54.0,0.9,2.0,1.0,481,116,128,5481,48
54.0,0.9,2.0,2.0,522,107,122,5950,59
54.0,1.0,0.5,0.5,429,133,135,4885,43
54.0,1.0,0.5,1.0,424,134,138,4821,36
54.0,1.0,0.5,2.0,410,139,147,4639,38
54.0,1.0,1.0,0.5,424,134,138,4821,36
54.0,1.0,1.0,1.0,416,137,143,4715,38
54.0,1.0,1.0,2.0,406,141,149,4587,38
54.0,1.0,2.0,0.5,410,139,147,4639,38
54.0,1.0,2.0,1.0,406,141,149,4587,38
54.0,1.0,2.0,2.0,402,143,152,4527,37
63.0,0.1,0.5,0.5,379,148,128,4246,24
63.0,0.1,0.5,1.0,369,151,125,4036,21
63.0,0.1,0.5,2.0,371,152,137,3943,12
63.0,0.1,1.0,0.5,437,129,125,5045,60
63.0,0.1,1.0,1.0,429,130,120,4892,37
63.0,0.1,1.0,2.0,405,138,128,4474,31
63.0,0.1,2.0,0.5,426,133,137,4904,42
63.0,0.1,2.0,1.0,441,128,128,5097,56
63.0,0.1,2.0,2.0,448,125,122,5133,45
63.0,0.2,0.5,0.5,381,147,128,4276,24
63.0,0.2,0.5,1.0,374,149,125,4119,24
63.0,0.2,0.5,2.0,380,148,137,4078,14
63.0,0.2,1.0,0.5,438,129,125,5058,60
63.0,0.2,1.0,1.0,432,130,120,4942,40
63.0,0.2,1.0,2.0,413,136,128,4583,25
63.0,0.2,2.0,0.5,426,133,137,4906,42
63.0,0.2,2.0,1.0,441,128,128,5110,56
63.0,0.2,2.0,2.0,452,124,122,5191,52
63.0,0.30000000000000004,0.5,0.5,386,146,128,4328,24
63.0,0.30000000000000004,0.5,1.0,382,147,125,4213,22
63.0,0.30000000000000004,0.5,2.0,386,147,137,4182,15
63.0,0.30000000000000004,1.0,0.5,440,128,125,5080,60
63.0,0.30000000000000004,1.0,1.0,436,129,120,4999,53
63.0,0.30000000000000004,1.0,2.0,418,134,128,4673,33
63.0,0.30000000000000004,2.0,0.5,426,133,137,4911,42
63.0,0.30000000000000004,2.0,1.0,443,127,128,5127,56
63.0,0.30000000000000004,2.0,2.0,455,123,122,5242,46
63.0,0.4,0.5,0.5,393,144,128,4413,36
63.0,0.4,0.5,1.0,392,144,125,4340,24
63.0,0.4,0.5,2.0,393,144,137,4289,18
63.0,0.4,1.0,0.5,443,128,125,5114,61
63.0,0.4,1.0,1.0,442,127,120,5072,37
63.0,0.4,1.0,2.0,424,133,128,4761,37
63.0,0.4,2.0,0.5,427,133,137,4918,42
63.0,0.4,2.0,1.0,445,127,128,5149,56
63.0,0.4,2.0,2.0,459,122,122,5291,48
63.0,0.5,0.5,0.5,402,141,128,4521,26
63.0,0.5,0.5,1.0,404,140,125,4497,27
63.0,0.5,0.5,2.0,400,142,137,4407,22
63.0,0.5,1.0,0.5,446,127,125,5159,61
63.0,0.5,1.0,1.0,450,125,120,5167,40
63.0,0.5,1.0,2.0,431,131,128,4864,41
63.0,0.5,2.0,0.5,428,133,137,4928,42
63.0,0.5,2.0,1.0,447,126,128,5181,55
63.0,0.5,2.0,2.0,464,121,122,5359,52
63.0,0.6,0.5,0.5,412,137,128,4653,38
63.0,0.6,0.5,1.0,417,135,125,4676,37
63.0,0.6,0.5,2.0,408,139,137,4525,21
63.0,0.6,1.0,0.5,451,125,125,5217,62
63.0,0.6,1.0,1.0,459,123,120,5281,56
63.0,0.6,1.0,2.0,438,129,128,4970,37
63.0,0.6,2.0,0.5,429,132,137,4943,41
63.0,0.6,2.0,1.0,451,125,128,5226,55
63.0,0.6,2.0,2.0,470,119,122,5436,46
63.0,0.7000000000000001,0.5,0.5,425,133,128,4819,40
63.0,0.7000000000000001,0.5,1.0,434,131,125,4903,36
63.0,0.7000000000000001,0.5,2.0,417,136,137,4671,32
63.0,0.7000000000000001,1.0,0.5,458,124,125,5301,62
63.0,0.7000000000000001,1.0,1.0,472,120,120,5449,46
63.0,0.7000000000000001,1.0,2.0,450,126,128,5123,34
63.0,0.7000000000000001,2.0,0.5,431,132,137,4969,41
63.0,0.7000000000000001,2.0,1.0,458,123,128,5305,54
63.0,0.7000000000000001,2.0,2.0,482,117,122,5575,57
63.0,0.8,0.5,0.5,440,129,128,5019,44
63.0,0.8,0.5,1.0,453,125,125,5170,50
63.0,0.8,0.5,2.0,427,133,137,4830,38
63.0,0.8,1.0,0.5,467,121,125,5417,63
63.0,0.8,1.0,1.0,490,116,120,5677,67
63.0,0.8,1.0,2.0,465,122,128,5320,57
63.0,0.8,2.0,0.5,435,131,137,5011,41
63.0,0.8,2.0,1.0,469,121,128,5430,54
63.0,0.8,2.0,2.0,501,114,122,5788,51
63.0,0.9,0.5,0.5,456,125,128,5228,54
63.0,0.9,0.5,1.0,474,120,125,5453,45
63.0,0.9,0.5,2.0,439,130,137,4998,42
63.0,0.9,1.0,0.5,478,119,125,5551,65
63.0,0.9,1.0,1.0,513,112,120,5945,76
63.0,0.9,1.0,2.0,484,119,128,5550,58
63.0,0.9,2.0,0.5,440,129,137,5062,40
63.0,0.9,2.0,1.0,484,118,128,5588,53
63.0,0.9,2.0,2.0,526,110,122,6061,55
63.0,1.0,0.5,0.5,437,130,135,5054,50
63.0,1.0,0.5,1.0,428,133,138,4934,41
63.0,1.0,0.5,2.0,411,139,147,4687,42
63.0,1.0,1.0,0.5,428,133,138,4934,41
63.0,1.0,1.0,1.0,418,136,143,4788,43
63.0,1.0,1.0,2.0,406,141,149,4620,41
63.0,1.0,2.0,0.5,411,139,147,4687,42
63.0,1.0,2.0,1.0,406,141,149,4620,41
63.0,1.0,2.0,2.0,401,143,152,4542,39
72.0,0.1,0.5,0.5,379,148,128,4289,27
72.0,0.1,0.5,1.0,369,152,125,4070,28
72.0,0.1,0.5,2.0,371,152,137,3973,12
72.0,0.1,1.0,0.5,437,129,125,5096,58
72.0,0.1,1.0,1.0,428,131,120,4934,51
72.0,0.1,1.0,2.0,405,139,128,4511,28
72.0,0.1,2.0,0.5,425,134,137,4935,61
72.0,0.1,2.0,1.0,439,129,128,5130,53
72.0,0.1,2.0,2.0,446,126,122,5170,65
72.0,0.2,0.5,0.5,382,147,128,4327,27
72.0,0.2,0.5,1.0,375,150,125,4163,25
72.0,0.2,0.5,2.0,381,148,137,4112,16
72.0,0.2,1.0,0.5,438,129,125,5115,59
72.0,0.2,1.0,1.0,432,130,120,4995,51
72.0,0.2,1.0,2.0,413,136,128,4630,37
72.0,0.2,2.0,0.5,426,134,137,4941,61
72.0,0.2,2.0,1.0,441,129,128,5152,53
72.0,0.2,2.0,2.0,451,125,122,5240,66
72.0,0.30000000000000004,0.5,0.5,387,146,128,4392,41
72.0,0.30000000000000004,0.5,1.0,384,147,125,4273,26
72.0,0.30000000000000004,0.5,2.0,388,146,137,4225,18
72.0,0.30000000000000004,1.0,0.5,440,129,125,5140,59
72.0,0.30000000000000004,1.0,1.0,437,129,120,5056,52
72.0,0.30000000000000004,1.0,2.0,419,135,128,4723,39
72.0,0.30000000000000004,2.0,0.5,426,134,137,4945,61
72.0,0.30000000000000004,2.0,1.0,442,128,128,5168,53
72.0,0.30000000000000004,2.0,2.0,454,124,122,5286,67
72.0,0.4,0.5,0.5,395,143,128,4482,41
72.0,0.4,0.5,1.0,394,144,125,4405,31
72.0,0.4,0.5,2.0,394,144,137,4333,23
72.0,0.4,1.0,0.5,443,128,125,5172,59
72.0,0.4,1.0,1.0,442,128,120,5125,53
72.0,0.4,1.0,2.0,424,133,128,4805,32
72.0,0.4,2.0,0.5,426,134,137,4950,61
72.0,0.4,2.0,1.0,443,128,128,5183,53
72.0,0.4,2.0,2.0,456,124,122,5323,68
72.0,0.5,0.5,0.5,404,140,128,4595,42
72.0,0.5,0.5,1.0,406,140,125,4565,38
72.0,0.5,0.5,2.0,401,142,137,4450,21
72.0,0.5,1.0,0.5,446,127,125,5213,60
72.0,0.5,1.0,1.0,448,126,120,5209,55
72.0,0.5,1.0,2.0,430,132,128,4896,39
72.0,0.5,2.0,0.5,427,134,137,4957,61
72.0,0.5,2.0,1.0,445,128,128,5203,53
72.0,0.5,2.0,2.0,459,123,122,5367,70
72.0,0.6,0.5,0.5,414,136,128,4734,44
72.0,0.6,0.5,1.0,420,135,125,4757,36
72.0,0.6,0.5,2.0,409,139,137,4579,30
72.0,0.6,1.0,0.5,450,126,125,5263,60
72.0,0.6,1.0,1.0,456,124,120,5310,55
72.0,0.6,1.0,2.0,436,130,128,4994,36
72.0,0.6,2.0,0.5,427,134,137,4965,61
72.0,0.6,2.0,1.0,447,127,128,5227,53
72.0,0.6,2.0,2.0,463,122,122,5413,69
72.0,0.7000000000000001,0.5,0.5,426,132,128,4898,46
72.0,0.7000000000000001,0.5,1.0,436,130,125,4978,50
72.0,0.7000000000000001,0.5,2.0,418,136,137,4720,29
72.0,0.7000000000000001,1.0,0.5,455,124,125,5334,61
72.0,0.7000000000000001,1.0,1.0,467,121,120,5448,56
72.0,0.7000000000000001,1.0,2.0,445,127,128,5121,48
72.0,0.7000000000000001,2.0,0.5,429,133,137,4982,61
72.0,0.7000000000000001,2.0,1.0,452,126,128,5279,52
72.0,0.7000000000000001,2.0,2.0,471,120,122,5505,69
72.0,0.8,0.5,0.5,440,128,128,5087,55
72.0,0.8,0.5,1.0,454,125,125,5228,40
72.0,0.8,0.5,2.0,427,133,137,4864,46
72.0,0.8,1.0,0.5,463,123,125,5428,61
72.0,0.8,1.0,1.0,481,118,120,5632,57
72.0,0.8,1.0,2.0,457,124,128,5276,46
72.0,0.8,2.0,0.5,432,132,137,5010,60
72.0,0.8,2.0,1.0,459,124,128,5364,51
72.0,0.8,2.0,2.0,484,118,122,5650,68
72.0,0.9,0.5,0.5,455,125,128,5295,53
72.0,0.9,0.5,1.0,473,120,125,5503,71
72.0,0.9,0.5,2.0,437,130,137,5018,42
72.0,0.9,1.0,0.5,475,120,125,5576,62
72.0,0.9,1.0,1.0,505,114,120,5925,59
72.0,0.9,1.0,2.0,476,120,128,5516,59
72.0,0.9,2.0,0.5,437,131,137,5070,59
72.0,0.9,2.0,1.0,476,121,128,5548,77
72.0,0.9,2.0,2.0,512,113,122,5961,66
72.0,1.0,0.5,0.5,438,130,135,5113,72
72.0,1.0,0.5,1.0,428,133,138,4976,60
72.0,1.0,0.5,2.0,410,140,147,4707,39
72.0,1.0,1.0,0.5,428,133,138,4976,60
72.0,1.0,1.0,1.0,417,137,143,4817,62
72.0,1.0,1.0,2.0,406,142,149,4634,38
72.0,1.0,2.0,0.5,410,140,147,4707,39
72.0,1.0,2.0,1.0,406,142,149,4634,38
72.0,1.0,2.0,2.0,400,144,152,4548,35
81.0,0.1,0.5,0.5,376,149,128,4275,28
81.0,0.1,0.5,1.0,367,152,125,4069,23
81.0,0.1,0.5,2.0,372,152,137,3985,15
81.0,0.1,1.0,0.5,433,130,125,5065,69
81.0,0.1,1.0,1.0,425,132,120,4912,54
81.0,0.1,1.0,2.0,404,139,128,4511,34
81.0,0.1,2.0,0.5,421,135,137,4902,46
81.0,0.1,2.0,1.0,435,130,128,5097,63
81.0,0.1,2.0,2.0,443,127,122,5145,70
81.0,0.2,0.5,0.5,380,148,128,4320,29
81.0,0.2,0.5,1.0,375,150,125,4174,23
81.0,0.2,0.5,2.0,382,149,137,4135,16
81.0,0.2,1.0,0.5,434,130,125,5089,69
81.0,0.2,1.0,1.0,429,131,120,4983,53
81.0,0.2,1.0,2.0,413,137,128,4643,35
81.0,0.2,2.0,0.5,421,134,137,4910,47
81.0,0.2,2.0,1.0,437,129,128,5125,64
81.0,0.2,2.0,2.0,448,126,122,5227,69
81.0,0.30000000000000004,0.5,0.5,386,146,128,4397,33
81.0,0.30000000000000004,0.5,1.0,384,147,125,4296,35
81.0,0.30000000000000004,0.5,2.0,389,146,137,4250,18
81.0,0.30000000000000004,1.0,0.5,437,129,125,5123,70
81.0,0.30000000000000004,1.0,1.0,435,130,120,5059,52
81.0,0.30000000000000004,1.0,2.0,419,135,128,4743,36
81.0,0.30000000000000004,2.0,0.5,422,134,137,4919,47
81.0,0.30000000000000004,2.0,1.0,438,129,128,5151,65
81.0,0.30000000000000004,2.0,2.0,452,125,122,5287,68
81.0,0.4,0.5,0.5,394,143,128,4493,31
81.0,0.4,0.5,1.0,395,144,125,4437,36
81.0,0.4,0.5,2.0,395,144,137,4362,27
81.0,0.4,1.0,0.5,439,129,125,5157,71
81.0,0.4,1.0,1.0,440,128,120,5133,52
81.0,0.4,1.0,2.0,424,134,128,4829,37
81.0,0.4,2.0,0.5,422,134,137,4925,47
81.0,0.4,2.0,1.0,439,129,128,5169,65
81.0,0.4,2.0,2.0,453,124,122,5327,68
81.0,0.5,0.5,0.5,403,140,128,4615,42
81.0,0.5,0.5,1.0,407,139,125,4611,38
81.0,0.5,0.5,2.0,403,141,137,4490,31
81.0,0.5,1.0,0.5,442,128,125,5201,71
81.0,0.5,1.0,1.0,446,126,120,5223,52
81.0,0.5,1.0,2.0,430,132,128,4928,38
81.0,0.5,2.0,0.5,423,134,137,4932,47
81.0,0.5,2.0,1.0,441,128,128,5190,66
81.0,0.5,2.0,2.0,456,124,122,5373,68
81.0,0.6,0.5,0.5,414,136,128,4764,50
81.0,0.6,0.5,1.0,422,134,125,4812,39
81.0,0.6,0.5,2.0,411,138,137,4620,32
81.0,0.6,1.0,0.5,446,127,125,5255,73
81.0,0.6,1.0,1.0,454,124,120,5328,58
81.0,0.6,1.0,2.0,436,130,128,5026,57
81.0,0.6,2.0,0.5,423,134,137,4941,48
81.0,0.6,2.0,1.0,443,128,128,5215,66
81.0,0.6,2.0,2.0,460,123,122,5419,74
81.0,0.7000000000000001,0.5,0.5,426,133,128,4927,40
81.0,0.7000000000000001,0.5,1.0,438,130,125,5032,45
81.0,0.7000000000000001,0.5,2.0,420,136,137,4761,38
81.0,0.7000000000000001,1.0,0.5,450,125,125,5309,74
81.0,0.7000000000000001,1.0,1.0,462,122,120,5434,56
81.0,0.7000000000000001,1.0,2.0,443,128,128,5127,63
81.0,0.7000000000000001,2.0,0.5,424,134,137,4947,47
81.0,0.7000000000000001,2.0,1.0,445,127,128,5234,65
81.0,0.7000000000000001,2.0,2.0,463,122,122,5456,69
81.0,0.8,0.5,0.5,437,129,128,5083,52
81.0,0.8,0.5,1.0,451,125,125,5236,61
81.0,0.8,0.5,2.0,426,133,137,4875,35
81.0,0.8,1.0,0.5,455,124,125,5372,75
81.0,0.8,1.0,1.0,471,120,120,5555,81
81.0,0.8,1.0,2.0,449,126,128,5225,55
81.0,0.8,2.0,0.5,425,133,137,4961,47
81.0,0.8,2.0,1.0,449,126,128,5273,64
81.0,0.8,2.0,2.0,470,120,122,5521,63
81.0,0.9,0.5,0.5,449,126,128,5260,56
81.0,0.9,0.5,1.0,466,122,125,5467,69
81.0,0.9,0.5,2.0,433,131,137,5000,39
81.0,0.9,1.0,0.5,465,122,125,5486,76
81.0,0.9,1.0,1.0,489,116,120,5777,68
81.0,0.9,1.0,2.0,463,123,128,5402,57
81.0,0.9,2.0,0.5,430,132,137,5003,61
81.0,0.9,2.0,1.0,461,123,128,5402,62
81.0,0.9,2.0,2.0,490,117,122,5739,76
81.0,1.0,0.5,0.5,434,131,135,5080,56
81.0,1.0,0.5,1.0,424,134,138,4944,71
81.0,1.0,0.5,2.0,406,140,147,4675,47
81.0,1.0,1.0,0.5,424,134,138,4944,71
81.0,1.0,1.0,1.0,413,137,143,4786,48
81.0,1.0,1.0,2.0,402,142,149,4601,45
81.0,1.0,2.0,0.5,406,140,147,4675,47
81.0,1.0,2.0,1.0,402,142,149,4601,45
81.0,1.0,2.0,2.0,397,144,152,4515,41
90.0,0.1,0.5,0.5,370,152,128,4177,24
90.0,0.1,0.5,1.0,363,154,125,4009,23
90.0,0.1,0.5,2.0,370,153,137,3965,16
90.0,0.1,1.0,0.5,424,133,125,4938,62
90.0,0.1,1.0,1.0,416,135,120,4792,55
90.0,0.1,1.0,2.0,399,141,128,4441,34
90.0,0.1,2.0,0.5,416,137,137,4835,67
90.0,0.1,2.0,1.0,428,132,128,4998,58
90.0,0.1,2.0,2.0,434,129,122,5023,46
90.0,0.2,0.5,0.5,373,151,128,4226,38
90.0,0.2,0.5,1.0,371,152,125,4120,24
90.0,0.2,0.5,2.0,381,150,137,4121,18
90.0,0.2,1.0,0.5,426,133,125,4965,62
90.0,0.2,1.0,1.0,421,134,120,4868,55
90.0,0.2,1.0,2.0,408,139,128,4580,36
90.0,0.2,2.0,0.5,417,137,137,4844,67
90.0,0.2,2.0,1.0,430,132,128,5029,59
90.0,0.2,2.0,2.0,440,128,122,5111,47
90.0,0.30000000000000004,0.5,0.5,380,149,128,4309,39
90.0,0.30000000000000004,0.5,1.0,381,149,125,4249,26
90.0,0.30000000000000004,0.5,2.0,388,147,137,4238,20
90.0,0.30000000000000004,1.0,0.5,428,132,125,5004,63
90.0,0.30000000000000004,1.0,1.0,427,132,120,4953,57
90.0,0.30000000000000004,1.0,2.0,414,137,128,4685,39
90.0,0.30000000000000004,2.0,0.5,418,136,137,4856,68
90.0,0.30000000000000004,2.0,1.0,432,131,128,5063,60
90.0,0.30000000000000004,2.0,2.0,444,127,122,5183,49
90.0,0.4,0.5,0.5,389,146,128,4417,40
90.0,0.4,0.5,1.0,393,145,125,4408,28
90.0,0.4,0.5,2.0,396,145,137,4365,24
90.0,0.4,1.0,0.5,432,131,125,5050,65
90.0,0.4,1.0,1.0,434,130,120,5051,59
90.0,0.4,1.0,2.0,421,135,128,4796,43
90.0,0.4,2.0,0.5,418,136,137,4868,58
90.0,0.4,2.0,1.0,434,130,128,5098,61
90.0,0.4,2.0,2.0,448,126,122,5253,51
90.0,0.5,0.5,0.5,399,142,128,4552,42
90.0,0.5,0.5,1.0,406,140,125,4597,31
90.0,0.5,0.5,2.0,403,142,137,4497,27
90.0,0.5,1.0,0.5,436,130,125,5108,66
90.0,0.5,1.0,1.0,442,128,120,5168,63
90.0,0.5,1.0,2.0,428,133,128,4914,48
90.0,0.5,2.0,0.5,419,136,137,4883,59
90.0,0.5,2.0,1.0,437,130,128,5141,63
90.0,0.5,2.0,2.0,453,125,122,5334,54
90.0,0.6,0.5,0.5,411,138,128,4720,44
90.0,0.6,0.5,1.0,422,135,125,4825,51
90.0,0.6,0.5,2.0,412,139,137,4647,30
90.0,0.6,1.0,0.5,441,129,125,5176,68
90.0,0.6,1.0,1.0,451,125,120,5303,67
90.0,0.6,1.0,2.0,436,130,128,5042,52
90.0,0.6,2.0,0.5,420,135,137,4899,59
90.0,0.6,2.0,1.0,440,129,128,5187,65
90.0,0.6,2.0,2.0,458,123,122,5414,57
90.0,0.7000000000000001,0.5,0.5,422,134,128,4877,47
90.0,0.7000000000000001,0.5,1.0,436,130,125,5035,56
90.0,0.7000000000000001,0.5,2.0,420,136,137,4778,33
90.0,0.7000000000000001,1.0,0.5,444,128,125,5229,70
90.0,0.7000000000000001,1.0,1.0,458,123,120,5405,70
90.0,0.7000000000000001,1.0,2.0,441,128,128,5136,56
90.0,0.7000000000000001,2.0,0.5,421,135,137,4906,66
90.0,0.7000000000000001,2.0,1.0,441,128,128,5206,66
90.0,0.7000000000000001,2.0,2.0,460,123,122,5449,83
90.0,0.8,0.5,0.5,433,131,128,5041,51
90.0,0.8,0.5,1.0,451,126,125,5248,61
90.0,0.8,0.5,2.0,427,134,137,4902,52
90.0,0.8,1.0,0.5,448,126,125,5287,72
90.0,0.8,1.0,1.0,466,121,120,5512,73
90.0,0.8,1.0,2.0,448,127,128,5227,56
90.0,0.8,2.0,0.5,422,135,137,4915,71
90.0,0.8,2.0,1.0,444,128,128,5230,65
90.0,0.8,2.0,2.0,465,122,122,5488,89
90.0,0.9,0.5,0.5,440,128,128,5159,54
90.0,0.9,0.5,1.0,460,123,125,5401,67
90.0,0.9,0.5,2.0,430,133,137,4983,59
90.0,0.9,1.0,0.5,452,125,125,5340,73
90.0,0.9,1.0,1.0,474,119,120,5612,74
90.0,0.9,1.0,2.0,453,125,128,5301,57
90.0,0.9,2.0,0.5,423,135,137,4926,70
90.0,0.9,2.0,1.0,448,127,128,5266,63
90.0,0.9,2.0,2.0,471,120,122,5547,84
90.0,1.0,0.5,0.5,426,134,135,4963,51
90.0,1.0,0.5,1.0,419,136,138,4866,65
90.0,1.0,0.5,2.0,404,142,147,4641,44
90.0,1.0,1.0,0.5,419,136,138,4866,65
90.0,1.0,1.0,1.0,410,139,143,4735,44
90.0,1.0,1.0,2.0,400,143,149,4577,42
90.0,1.0,2.0,0.5,404,142,147,4641,44
90.0,1.0,2.0,1.0,400,143,149,4577,42
90.0,1.0,2.0,2.0,396,145,152,4501,38
